.Random.seed <-
c(403L, 10L, -406302974L, 251222580L, -1170067529L, 1602760621L, 
168365252L, -961036054L, -689973419L, -583251729L, -2080997642L, 
-1863349728L, 897064931L, -1160063871L, 404923120L, -36509298L, 
1289832185L, 605590667L, 1861139642L, -1506666564L, -1606433537L, 
-552335275L, 392264556L, -25275454L, 1237324829L, -1499642729L, 
-1988095490L, -908037704L, -9126501L, 2137801721L, -936105144L, 
-234740106L, 712335281L, -346684957L, 206014130L, -545326332L, 
1614891079L, -1287463139L, -813709932L, -511145670L, -127380091L, 
1312079455L, -1834546970L, 1335069552L, -2084049773L, 75200817L, 
1859018720L, -617749378L, 842999561L, 723290427L, -1385550582L, 
1053820140L, 1763709295L, 1319392933L, 2078541916L, -1824915406L, 
2088163117L, 1066874343L, 18983182L, 1882181352L, 683524331L, 
187875721L, -2138087144L, -2122623930L, 721280161L, 1016341299L, 
-525456734L, -1515232876L, -2046849001L, 1067558925L, -536503004L, 
595486986L, 316473461L, 888785871L, 1406819542L, 28421248L, 764375747L, 
461151329L, 1733696720L, 2122395182L, 326152153L, -1893347349L, 
1392322138L, -1498587108L, 440098079L, 1813601653L, -453112820L, 
-19296798L, 1076063933L, 1256450359L, 988261854L, -1392729320L, 
1559390843L, 1220085785L, -753155928L, 13623894L, -1412845871L, 
-2142388605L, 654185746L, -232578908L, -1728790425L, -1188695619L, 
-371205324L, -507301734L, 1776867045L, 2090582143L, -1559086586L, 
-701307504L, 928143411L, 1307211729L, 1078599040L, -647810978L, 
-888791127L, 269182555L, -802219414L, 246015756L, 1175621967L, 
2098645509L, 1117452476L, 797962642L, -330569075L, 435157191L, 
4255150L, 1396201480L, 1501359115L, 1319889129L, -986691656L, 
1687412838L, -1532088063L, -1178441837L, 705353794L, 1207611380L, 
155412983L, 597302765L, 1069624964L, -1999998806L, -1997996523L, 
-1492770129L, 1338513590L, 1419081440L, 378161699L, -1199884991L, 
-1823594448L, 644829774L, 1878644409L, 106640075L, 677675898L, 
-1943776644L, 364185279L, -371093611L, -1990629460L, -316656254L, 
217258845L, 772322903L, -923998914L, 1975612792L, 2135443035L, 
-1126002247L, -2042743800L, 1701359286L, -2564623L, -476900317L, 
1676938354L, 1348996804L, -1501632377L, 365456477L, 737276500L, 
-2132170630L, -645649467L, 628145439L, -2135561050L, 1296834096L, 
117957843L, 740592369L, -1056261600L, 408878270L, -158242615L, 
-637003141L, 1980149834L, -300113748L, -1376741457L, 714220389L, 
-934586084L, 2006966642L, -864132627L, -65698265L, -504912306L, 
1632045736L, 1746569387L, 1887695305L, -389128744L, 1129335942L, 
-1256312479L, -765471501L, 925514594L, -914377260L, 3883223L, 
250720973L, -1191587228L, 832825418L, 840818101L, -509157105L, 
657931798L, 1996691648L, 1529687683L, -1768387935L, 92363920L, 
1293793134L, -1786801895L, 1299689899L, 310153114L, -1493876900L, 
1353928287L, 1238318645L, -1677345332L, 1645534498L, -1942796419L, 
-6349705L, 1669661086L, 1663268952L, 1365951931L, -1378866343L, 
1680111848L, -1732224746L, 960014993L, 765740867L, -92482990L, 
546960612L, -1630585049L, 2141735536L, 691638596L, 141363160L, 
900633722L, -412816848L, -167348548L, 892340052L, -1859250622L, 
584013728L, -823991108L, -1047801392L, -333844126L, -935407640L, 
-820849716L, -187697412L, 508351474L, -1284412288L, -1740920588L, 
318480520L, -1854975686L, -1146516656L, -245542804L, -114332524L, 
-92072622L, 1891359456L, -341566260L, 833782944L, 1747305858L, 
2031318248L, -1089870612L, -23377860L, -724325262L, -1071485840L, 
-818097628L, -210209224L, -1882258918L, 1487744208L, -192238020L, 
886728852L, 592524418L, 110482368L, 1957570876L, 1764462224L, 
2075522082L, -714801144L, -460454772L, -1028719588L, 1828950162L, 
1622981760L, 1614253076L, -1166153944L, 802394170L, -898393904L, 
-1352753044L, -60205388L, 164543506L, -1014959136L, 34161612L, 
-627529248L, 1252620322L, 843812136L, -785039092L, -1458527684L, 
1062611186L, 1360768240L, -730316988L, 618683480L, 655572538L, 
1473722608L, 1338083004L, -817855980L, 1160905922L, -1038640544L, 
37552508L, -1627464496L, 321261602L, -1413868376L, 1622077836L, 
-265596484L, -1319777230L, -129265856L, -1763554636L, -1677435576L, 
672044730L, 901778192L, -332392212L, -813183916L, 2081305362L, 
-916484704L, -1683937332L, -544408736L, 1521323202L, 1831464L, 
2030132652L, 948466492L, -1530445966L, -226300112L, -892384220L, 
1118376504L, -624617766L, 2123883408L, -657186564L, -1017960044L, 
768273218L, 309604864L, -288066500L, -1175549360L, 182015138L, 
-1720608952L, -1535965684L, 2097219292L, 1960337490L, 863297664L, 
1996833620L, -1997917208L, 330408698L, -554610864L, 1901203500L, 
1755394420L, 1091091090L, -1465175456L, 1038945420L, -354992800L, 
1557397730L, 729327784L, 128590540L, 459998716L, -5670990L, -793968656L, 
1572292L, -399730344L, 1258212730L, -232772176L, -637929028L, 
1018210900L, -318259774L, -518874336L, 1201814460L, -1341103024L, 
-1050712094L, 648932200L, 1184872268L, -142927108L, 110039794L, 
-19562240L, -196107148L, -750265848L, -1768746566L, 1867635152L, 
-1353862164L, -770861164L, 1935242450L, 842715232L, 2126022988L, 
-118395104L, -833916286L, 1257861608L, 424915948L, 2147384892L, 
-1334009230L, -1552636048L, 1731068196L, 1589595704L, 255999386L, 
-364325424L, -492244548L, 1495624340L, 983144066L, 154581440L, 
1294401340L, -100628848L, 1826525986L, 225144328L, 2082674444L, 
1726357404L, -973649902L, -2046602368L, -236601580L, 1412077864L, 
274155578L, 1353328592L, 1113285228L, 1498764340L, -148054894L, 
2043856224L, 393245004L, -963710496L, 2027784098L, 131444648L, 
1227791500L, 70359996L, -268722062L, -2059512848L, -602075068L, 
-557509544L, 7133242L, 2089111664L, 1590651452L, -705750252L, 
-55234878L, -1542955296L, 1399739516L, -956145456L, -1323764830L, 
-1115626968L, 1971256588L, 1893510076L, 1486302514L, -1038216000L, 
-13296076L, -2008090936L, 52752058L, 1307658384L, 622463724L, 
714977876L, -801827182L, -502207712L, 786082764L, -1140685600L, 
-491156798L, -347439064L, -244284500L, -1740340548L, 397479410L, 
1107078704L, 1178003364L, 917185976L, 1027757655L, -1522751584L, 
1502348542L, -304588853L, -152477235L, 1702835450L, 1813681976L, 
1760658657L, 961292179L, 852245428L, -1564028734L, 467174615L, 
-1271058143L, 1475762406L, -1310519836L, -1348916971L, -213868225L, 
1008757976L, 1216554230L, 501063427L, -435791803L, 1858926690L, 
-561877040L, 1920054521L, 1496104491L, 1367976348L, 2060433866L, 
-1107297601L, 2094877705L, 837201182L, -1693708084L, 1870492829L, 
-627177177L, 1231942480L, -1951224338L, 1974885019L, 198135037L, 
156521450L, 441762952L, -1992246735L, 928722083L, -2001006428L, 
1758232914L, -1289012057L, -460293903L, 1277767734L, -1257942828L, 
-1928551323L, 1885331055L, -868982616L, -800035322L, -1454960845L, 
-467326059L, 1134239730L, -1303094208L, -610130519L, -1657582565L, 
-1381332500L, -1390980614L, -698534353L, 1360048697L, 963357774L, 
-342371172L, -1199667699L, 243001975L, 1195694720L, 1303793886L, 
-83141717L, 692679853L, -1379276518L, -440066600L, -372185535L, 
-1489453837L, -1988105452L, -668751198L, -1092418633L, -1225056383L, 
-1133099642L, -863803452L, 1001573109L, -1593368737L, 978649528L, 
-1705133930L, -41845085L, 1969922149L, 1810732418L, -1928190224L, 
-56771943L, -707445109L, 469516156L, -736497238L, -1593124385L, 
458469225L, -1025108098L, 1533222764L, 1503282109L, -1297919865L, 
1119759472L, 2080868110L, 660249659L, 198882077L, 760297930L, 
-878165272L, -1786509871L, 1142675395L, 1003757764L, -1020084366L, 
-1778736569L, -1341971951L, 1142033302L, 680500980L, -1262407547L, 
1758311887L, -603938616L, -574379674L, -485561453L, -1488521995L, 
-1609104174L, 1392677664L, -342144247L, -1639773125L, -442879604L, 
-1846589414L, -1166281585L, 1465465817L, -260940690L, 1027883004L, 
358790509L, -2099237097L, -2045161760L, -2110985026L, -1917359477L, 
-1386528499L, 669639994L, 124560760L, 1596354337L, -313546797L, 
-1054888204L, -861982846L, 154973719L, 1857789153L, -904943066L, 
-827208924L, -1167219755L, -1096797313L, 1736996376L, -1047560906L, 
770814915L, 735590917L, 1888960930L, -1268800112L, -466516679L, 
