.Random.seed <-
c(403L, 246L, 1192483267L, 2098368353L, -364333616L, 272147758L, 
994186457L, 753299179L, -1711731878L, 1307077916L, -1608012769L, 
-770371467L, -772895476L, -1958584094L, -506943043L, 1937157687L, 
-141851426L, 1929101336L, 786299L, 482434841L, 533062568L, 1081348950L, 
1120832465L, -958046333L, -1928582638L, -710746716L, 1390897511L, 
-477251907L, 2026413620L, 2135147930L, -1072045595L, 987286911L, 
-722443002L, -1794441584L, 222115635L, 1918797009L, -1645724032L, 
-1281177762L, 339698857L, 277567323L, 1801809258L, 742055948L, 
701208655L, -691334907L, -975492676L, 2040937618L, 1540441997L, 
-633225273L, 116384942L, -271006456L, 1372058379L, 581819881L, 
2025499320L, 371944806L, 145729025L, -86847341L, -742413502L, 
-1176607500L, 1527828727L, -759494419L, -1333056636L, -1832524374L, 
660044565L, -488871505L, -1387320906L, 1282281440L, -1047732445L, 
-399912895L, 1087146800L, 1104740686L, 898888633L, 954885579L, 
1308006010L, 1257544572L, 1783542719L, -1799594859L, -1726864724L, 
1728659586L, -808546211L, 1658513239L, -2021483970L, 815017592L, 
-521433765L, 439270585L, 26252552L, 1255708598L, 1006533873L, 
2027428643L, 1907154290L, 142227396L, -1835609209L, -354778787L, 
766410580L, 597427578L, -1449443131L, -1401339361L, -744421978L, 
-2118965456L, 87076307L, -1248453647L, -875111136L, -1138508866L, 
1776661449L, 1991213947L, 129114442L, 1469197740L, -1815832401L, 
892412517L, 1614830108L, -713124750L, -110146835L, 835770151L, 
1796674382L, 319495080L, 1109057451L, 855813321L, -239534888L, 
-161889914L, -246392735L, -1236903437L, 235522146L, 33062612L, 
982542295L, 222754253L, 1212027236L, 2143376714L, 1326339253L, 
-1691651057L, -762622698L, 772388800L, 647422851L, -1522495071L, 
-1039794800L, 1109085806L, -1238419431L, 1163322539L, -1839744870L, 
578889820L, -1690458785L, 1877913397L, 364864204L, -977067998L, 
1440344701L, 331677559L, 2127360158L, 154890072L, 1099053755L, 
725730393L, -1133928472L, -1684714986L, -2116317807L, -2061216189L, 
-1268456110L, 200083940L, 327739431L, 227472509L, 810498420L, 
-731581094L, -707263579L, -1536658497L, 1953251398L, -715551024L, 
-356353805L, -853488111L, 448092224L, 1526287390L, 485419753L, 
46960667L, -140863446L, -1877505204L, 609413391L, -567255995L, 
-518578692L, 272321618L, -1694560819L, 477794183L, 1407396462L, 
-905655736L, 730602571L, 775601577L, 1211117816L, -809683930L, 
295253313L, -30391597L, -1956394366L, 1743810740L, 928292919L, 
-2026720467L, -1898141628L, -536013462L, 1103872469L, 984856431L, 
1401679478L, -1294130784L, 1317119587L, 1585233665L, -2076668304L, 
-1680250354L, -279108999L, 340553227L, -1959821510L, 1852425788L, 
-981799553L, -250921259L, -1102082324L, -349061054L, -546969699L, 
-1606519273L, -1375581314L, 1243007288L, 803481115L, 807561081L, 
1803493832L, 1068006902L, 624500785L, -1931736477L, 611276338L, 
-1199496316L, 1330889159L, 1917200541L, -1337401324L, -1104103750L, 
-2071517435L, -2024373025L, -822074010L, -378531600L, 1248662547L, 
251632049L, -96308128L, -1554597680L, 567700514L, 1597466280L, 
1600744332L, -655878724L, 1173300274L, 552030016L, 1551754420L, 
1330372424L, -1573776710L, 1171717904L, -2014247700L, 319409236L, 
383561490L, 584449952L, 1736573900L, -1136338080L, 224773314L, 
-1638351320L, 2047376812L, -846746820L, -236923022L, 878149424L, 
-1636280796L, -1451693000L, -1245681446L, -1899135600L, 287791868L, 
989889428L, 947904322L, 1611359744L, -1255641540L, -645459376L, 
755400354L, 1569450824L, -946118132L, -371762980L, 722770514L, 
-1694205824L, 1074291540L, -927625752L, -198635782L, 375458640L, 
221842476L, -1419224716L, -855157102L, -1190101408L, -990259572L, 
-2110711968L, 772186850L, -127840088L, 1709546700L, -520080900L, 
-483702862L, 1511827952L, -1172007484L, -1652886696L, -463057030L, 
451438000L, -90341956L, -660657068L, -653824062L, 543373088L, 
1626129340L, 1308507728L, -756254238L, -632478360L, 674813260L, 
-1190683396L, 1568539378L, -1665946880L, 688246388L, -1378059256L, 
-1926985286L, 1467976656L, 284104172L, 1576066964L, 667815634L, 
362146400L, 891360588L, 951398688L, 1730037378L, -1347402264L, 
313482220L, -614467012L, 1116317298L, -1077486736L, 2085165348L, 
514034232L, -99300966L, -2096124464L, 761392572L, 1048085652L, 
-260091774L, 1489130944L, -633944260L, -359065456L, -1002378462L, 
1458758152L, -690626292L, -1266767460L, 1658624530L, -815513728L, 
1538249492L, 2021685544L, 228982842L, -1720929328L, -1144371604L, 
1207054900L, 1743836818L, -1418515104L, 1026105676L, -1302801440L, 
704881058L, 1212244392L, -126140788L, 811292092L, -555769230L, 
-946500624L, 186071620L, -818028456L, 1445598266L, -828908432L, 
977388604L, -1765040876L, -702594366L, 1004975840L, 522091644L, 
-1363352880L, -937934430L, 968684584L, 171472652L, 1755801020L, 
1049691954L, 577113792L, 1275439156L, 960302792L, 633841850L, 
-1283751280L, -1024096532L, -1193586092L, 1689308818L, -1480731360L, 
1785691596L, -1185747232L, 1353088194L, 283679784L, -873872468L, 
1218545340L, -25557006L, 1261580848L, 1735801764L, -2037111368L, 
2039211866L, -730343280L, -781686916L, 208815380L, -1692860094L, 
-288875264L, -226688580L, 1899076944L, -1321760478L, -1748405688L, 
1928150028L, -674827684L, 1473402322L, 1374338560L, -1708699308L, 
-2095872792L, -1599416070L, 1193759440L, 1437376300L, 1077443828L, 
1080554898L, -167163552L, -1875769332L, -176183072L, 1233798754L, 
-1871351640L, -24291252L, -853297284L, -249889486L, 1118858864L, 
340952900L, -161764392L, -623874182L, 132498480L, -1128202308L, 
-396060076L, 1383755842L, -446851424L, -1622865220L, -1078990896L, 
1285744994L, 568396520L, -1666411316L, 1081821692L, 1951388146L, 
1100910720L, 986107380L, 603966088L, -583227590L, 838949200L, 
-1355442068L, 240100756L, -1659261870L, 776909280L, 933265612L, 
-2143155552L, 1946857858L, -856787736L, 675470060L, -1001410244L, 
-900248462L, -1421795728L, -1997294044L, -459177928L, 1880364314L, 
801272016L, -809489092L, 211275668L, -1038108798L, 1889423296L, 
-1020359108L, -1983635056L, 42361890L, 1315520776L, -1683661406L, 
-608609609L, 2100671617L, -176782202L, -511508284L, -1666654731L, 
1873479775L, -1549413704L, 2112088982L, 721762723L, 474590565L, 
817908866L, 2109171184L, -1992608871L, 2110698891L, -347922308L, 
-1105993046L, -738198305L, -732734871L, -1453401986L, -1527668628L, 
360872125L, 1153976711L, 2089680240L, -690468850L, 754509115L, 
-667497955L, -1352741174L, 1113811432L, -1827635503L, 163404483L, 
1223119300L, -54708622L, -1819777209L, 992745233L, 641550998L, 
-267931660L, -233383547L, -1860111153L, -541880888L, -551885722L, 
608174739L, 552528373L, -1234279470L, -279726048L, 1538740745L, 
-716952773L, 13213324L, -971820262L, -1733986929L, -262550823L, 
-1284422290L, -1172739844L, 1878176365L, 67726871L, 424864736L, 
-898566210L, 121988491L, 1057306125L, 597453370L, -200596872L, 
1165773345L, 1899766995L, -386063372L, 118129794L, 1705807127L, 
-1523442719L, -1129616090L, -1270141916L, -1203099947L, -104873345L, 
-2050518248L, -1566995914L, 1793682627L, 142213381L, -474589022L, 
384380560L, -658404807L, 1342837483L, -177359908L, 2118276618L, 
-174962433L, -1708315319L, -1638261026L, -1399356276L, -1020431267L, 
-641258905L, -593325168L, 1106982830L, 978982491L, -2094683587L, 
-6996822L, 899910984L, 246739313L, 142792419L, 1313521124L, -1806257902L, 
1545604327L, 1390836401L, 656793846L, -1791694060L, -877394907L, 
-1054088913L, -1605085464L, 1930929094L, -1928800653L, -43976491L, 
711893682L, 28764800L, -1573991831L, -2118574373L, -1738048980L, 
-1193553350L, -523133713L, 75968377L, 988623886L, 1471424988L, 
1738566221L, -835044937L, -1306929344L, -1702547938L, -627173141L, 
-148240275L, -1750327078L, -2081472360L, 608597761L, 1656765619L, 
-1524418604L, -2050354462L, 431100791L, 675872449L, -1663871418L, 
831703428L, -1301776587L, 945612063L, -33215368L, 1844189526L, 
-577767453L, -1345609307L, 368563266L, -697054672L, -1197776295L, 
-433925173L, -1778731972L, -1658709398L, -1765402465L, 517460265L, 
